1 0.295027 0.529943 0.0113038 0.013382 0.863425
1 0.327317 0.536939 0.0130968 0.0115558 0.846055
6 0.316239 0.53635 0.00496855 0.0104433 0.837741
4 0.381186 0.261881 0.005163 0.0166898 0.834179
6 0.552495 0.538799 0.00535679 0.0103554 0.833451
4 0.206602 0.396576 0.00598807 0.0172421 0.828668
1 0.318428 0.460049 0.0123142 0.0132122 0.827738
4 0.628532 0.554649 0.0180962 0.00692568 0.819656
4 0.544412 0.301216 0.00542345 0.0168996 0.805424
4 0.574995 0.540538 0.0175125 0.00536404 0.802897
4 0.380279 0.295995 0.0052949 0.0163569 0.802806
1 0.266807 0.233119 0.0138917 0.0111191 0.802648
4 0.567762 0.512037 0.00482712 0.0173849 0.793882
4 0.346672 0.434207 0.00586834 0.0169035 0.793493
4 0.568974 0.478473 0.00500078 0.0175289 0.792005
4 0.691905 0.271475 0.00580664 0.0163623 0.780411
1 0.645733 0.244141 0.0126621 0.0110344 0.773653
1 0.593548 0.554944 0.0123276 0.0138487 0.760777
4 0.203994 0.464944 0.00607591 0.0171865 0.759885
4 0.282763 0.292813 0.0053421 0.0163731 0.759551
1 0.542636 0.53859 0.0128809 0.0110007 0.759215
4 0.202983 0.499199 0.00574708 0.0165571 0.758728
4 0.604715 0.268777 0.00560341 0.0167926 0.758355
4 0.205445 0.429962 0.00606403 0.01728 0.755479
4 0.447454 0.2983 0.00521107 0.0162617 0.754853
4 0.690769 0.305628 0.00570297 0.0170897 0.754534
4 0.190845 0.325546 0.00527072 0.0158175 0.752705
4 0.553826 0.407759 0.00570107 0.0172466 0.751839
4 0.207475 0.291698 0.0164001 0.00542946 0.750102
4 0.447381 0.404253 0.0058363 0.0167047 0.742539
4 0.377307 0.402204 0.00545669 0.0168211 0.739472
4 0.347802 0.401324 0.00591164 0.0165539 0.737745
4 0.273965 0.501047 0.00580053 0.0170053 0.735783
4 0.448669 0.263945 0.00492353 0.0164411 0.735669
4 0.696609 0.496771 0.0069953 0.0181246 0.735279
4 0.445977 0.437419 0.00595703 0.0165781 0.733606
3 0.313326 0.615407 0.0066967 0.00690517 0.733566
4 0.477969 0.265011 0.00539551 0.0162568 0.733459
4 0.351589 0.260959 0.00545721 0.0164152 0.73264
4 0.553205 0.441195 0.00569582 0.0173073 0.72789
4 0.545484 0.266792 0.00552073 0.0166349 0.727704
4 0.711546 0.624196 0.00652971 0.0178535 0.725743
1 0.660413 0.24481 0.0136217 0.0111853 0.72541
4 0.277101 0.399257 0.00586166 0.0166895 0.724892
4 0.476928 0.299252 0.0055912 0.0162937 0.722811
4 0.283854 0.25882 0.00483303 0.0164197 0.722801
4 0.476931 0.405197 0.00570793 0.0167506 0.720614
4 0.693 0.557445 0.0179958 0.00687199 0.7203
4 0.458156 0.540702 0.00554018 0.0175163 0.71936
4 0.561853 0.561174 0.0173184 0.00565777 0.717476
4 0.376377 0.435292 0.00560713 0.0169562 0.715066
4 0.633313 0.494631 0.00580521 0.0174876 0.71089
4 0.276406 0.432557 0.00607791 0.0169933 0.708561
1 0.523408 0.465572 0.0113131 0.0136023 0.70617
4 0.267811 0.631665 0.017605 0.00502415 0.704604
4 0.459776 0.483965 0.00532055 0.0171211 0.699683
4 0.566486 0.605344 0.0188407 0.00608387 0.69828
4 0.695413 0.530483 0.00590544 0.0185607 0.698064
3 0.670001 0.246598 0.00541687 0.00530505 0.697546
3 0.556907 0.243016 0.00549488 0.00562105 0.694551
3 0.452158 0.601635 0.00690861 0.00726995 0.69437
4 0.476158 0.438673 0.00582867 0.0168781 0.691704
4 0.190047 0.36469 0.00540433 0.0168434 0.689181
4 0.603305 0.303019 0.00556946 0.0166535 0.688364
4 0.631982 0.528672 0.00689507 0.017964 0.686855
4 0.501275 0.638841 0.0187794 0.00677261 0.670919
4 0.685444 0.644988 0.0191761 0.00650024 0.666151
6 0.296815 0.56899 0.0104191 0.00570202 0.664269
4 0.574109 0.302065 0.00560379 0.0169559 0.649083
4 0.251309 0.234255 0.0163986 0.00514956 0.643204
4 0.322326 0.61422 0.00651112 0.0169915 0.642032
4 0.205644 0.629851 0.0173686 0.00557547 0.639269
3 0.591421 0.540904 0.00573235 0.00610943 0.63367
4 0.328314 0.633217 0.0174208 0.00498447 0.632217
4 0.509953 0.59482 0.0188616 0.00641041 0.631387
3 0.190578 0.342616 0.00536828 0.0049655 0.630687
6 0.295493 0.521001 0.0102859 0.00540915 0.630468
6 0.559128 0.578231 0.010289 0.006038 0.623472
4 0.377052 0.589414 0.0191745 0.00628452 0.613074
6 0.183871 0.383081 0.00483866 0.00992784 0.610676
3 0.666252 0.556907 0.00664721 0.00749931 0.60358
4 0.568965 0.596392 0.0188246 0.00710068 0.598881
6 0.318293 0.450862 0.0104667 0.0054616 0.594462
4 0.502062 0.603551 0.0172011 0.00676708 0.594343
4 0.712966 0.574635 0.00659752 0.0174045 0.591981
6 0.598096 0.527403 0.00941486 0.00467739 0.583999
6 0.276217 0.233863 0.00510359 0.0089468 0.576031
3 0.180009 0.579095 0.00665464 0.00646973 0.575047
3 0.536294 0.604803 0.00755138 0.00877285 0.573032
3 0.666551 0.510958 0.00614233 0.00610332 0.570424
3 0.409171 0.590952 0.00619144 0.00656471 0.564917
1 0.643892 0.310154 0.0131171 0.0119484 0.558498
4 0.61583 0.609979 0.00770187 0.018354 0.558041
1 0.590849 0.596907 0.008778 0.00856056 0.552423
4 0.62828 0.642545 0.019234 0.00622158 0.549734
1 0.607674 0.588849 0.0102739 0.017909 0.541104
4 0.443941 0.592426 0.018071 0.00590601 0.541077
1 0.307651 0.561032 0.0174674 0.0106429 0.533917
3 0.536481 0.595245 0.00661707 0.00746469 0.532792
1 0.348535 0.589522 0.00872436 0.00980701 0.528779
3 0.658036 0.643294 0.00601778 0.00637817 0.518017
4 0.564812 0.641122 0.0186705 0.00581293 0.512904
4 0.376869 0.635556 0.018303 0.00511494 0.509699
6 0.6366 0.243752 0.00526075 0.00980291 0.503988
3 0.568425 0.495525 0.00513992 0.00563011 0.502672
4 0.181558 0.549088 0.00575423 0.0164264 0.490574
1 0.339367 0.589496 0.00855565 0.0088604 0.488949
4 0.374351 0.504165 0.00585375 0.0172829 0.487635
4 0.437049 0.636728 0.0191099 0.00604286 0.483738
3 0.332555 0.464653 0.00536203 0.0055994 0.483521
1 0.292243 0.58754 0.00903044 0.00890083 0.475828
3 0.336331 0.551859 0.00536194 0.00595112 0.466581
4 0.35079 0.295151 0.00553956 0.0164865 0.460695
1 0.648597 0.546956 0.0181707 0.00986538 0.457205
3 0.443295 0.239407 0.00638237 0.00606613 0.45407
1 0.582392 0.596625 0.00918055 0.00883083 0.449342
4 0.255811 0.583097 0.0173227 0.00481644 0.443875
4 0.426906 0.601135 0.017686 0.00582409 0.437118
1 0.191774 0.297247 0.010949 0.012026 0.433061
3 0.600831 0.565493 0.00544052 0.0055275 0.408006
3 0.523621 0.53514 0.00581779 0.00528011 0.397518
3 0.354759 0.599095 0.00505757 0.00627308 0.382731
3 0.330595 0.236159 0.00594611 0.00587783 0.376776
4 0.375598 0.470461 0.00583744 0.0167971 0.366832
3 0.53841 0.470713 0.00550623 0.00552692 0.339697
3 0.20488 0.448099 0.00589089 0.00573597 0.330903
4 0.274628 0.467202 0.00615101 0.0170885 0.329161
3 0.317855 0.514428 0.00560522 0.00460176 0.323933
3 0.644345 0.277084 0.00566711 0.00549707 0.310405
3 0.347059 0.419466 0.00561657 0.00561619 0.307132
4 0.575467 0.26813 0.00595188 0.0170731 0.289805
1 0.300859 0.587962 0.00792666 0.00805769 0.285181
4 0.314175 0.588484 0.0163932 0.00582323 0.282676
3 0.459025 0.455869 0.00652332 0.00651188 0.279769
6 0.523388 0.457491 0.0101937 0.00528946 0.258163
3 0.634773 0.277854 0.00455055 0.0048883 0.235169
3 0.394507 0.541836 0.00533605 0.00577717 0.225791
3 0.529465 0.534417 0.00569811 0.00535984 0.198647
4 0.20747 0.524365 0.0171678 0.00580511 0.192919
0 0.354356 0.507417 0.00379643 0.0118994 0.152623
4 0.377702 0.599417 0.0188958 0.00658722 0.144519
3 0.230746 0.276871 0.00581994 0.00591888 0.139056
0 0.503224 0.490904 0.00323219 0.00935993 0.122777
3 0.297626 0.549369 0.00592756 0.0061779 0.122504
