1 0.450129 0.519993 0.0118793 0.0128071 0.874607
6 0.240604 0.440896 0.00526152 0.0102581 0.866612
1 0.472803 0.446092 0.0128304 0.0122393 0.851775
1 0.104955 0.682371 0.0119264 0.0124437 0.844504
4 0.297645 0.725609 0.00676451 0.017527 0.839347
4 0.465972 0.725512 0.00628786 0.0174015 0.828985
1 0.212938 0.446343 0.011665 0.0129307 0.827748
1 0.582935 0.751713 0.0124443 0.0107098 0.819154
1 0.179866 0.751168 0.0128575 0.00881214 0.819116
1 0.249846 0.440988 0.0114928 0.0109158 0.814774
4 0.479548 0.546695 0.00638056 0.0186152 0.809937
4 0.122888 0.476344 0.00591121 0.0184368 0.809528
4 0.366271 0.725528 0.00592322 0.0167927 0.80809
4 0.36989 0.581477 0.00605636 0.0180537 0.807445
4 0.396706 0.725527 0.00637965 0.0173426 0.807414
4 0.266904 0.725695 0.00672269 0.017815 0.80731
4 0.297901 0.581364 0.00587134 0.0183361 0.805356
4 0.198091 0.7259 0.00589402 0.0176535 0.804585
4 0.479317 0.581746 0.00664749 0.0190275 0.803779
4 0.627871 0.493955 0.00553284 0.0185057 0.802696
3 0.383146 0.527273 0.00716429 0.00626755 0.802356
4 0.370098 0.546912 0.00602336 0.0181547 0.801271
4 0.61585 0.725651 0.00605841 0.0175675 0.800041
4 0.266999 0.689848 0.00593338 0.0177467 0.79853
4 0.466134 0.690287 0.0060709 0.0183144 0.795056
4 0.616084 0.690177 0.00611362 0.0177725 0.794123
4 0.526587 0.689712 0.00617828 0.0178274 0.792648
4 0.396695 0.690243 0.00612679 0.017745 0.789948
4 0.122703 0.54693 0.00562317 0.0180216 0.788353
4 0.19559 0.546892 0.00563788 0.0180483 0.788119
3 0.464974 0.516172 0.00612125 0.00550079 0.787787
4 0.496126 0.72546 0.00603714 0.0170786 0.786294
4 0.366451 0.690198 0.00585518 0.0178939 0.785808
4 0.298022 0.510247 0.00597734 0.0184235 0.784527
4 0.495703 0.510672 0.00577402 0.0184315 0.782988
4 0.385277 0.499783 0.00621643 0.0186825 0.782788
4 0.267819 0.58149 0.00597172 0.0186165 0.78223
4 0.526543 0.725489 0.00651112 0.0173134 0.780793
4 0.495737 0.476074 0.00566559 0.0175451 0.780703
0 0.664112 0.767408 0.0135264 0.013942 0.778916
4 0.197786 0.690343 0.00583329 0.0183422 0.778283
1 0.56884 0.685004 0.0100889 0.00950317 0.777838
4 0.496542 0.690154 0.00594749 0.0179703 0.776581
4 0.222474 0.431673 0.0166148 0.00589275 0.776561
4 0.385231 0.441784 0.00651379 0.0186781 0.776285
6 0.5598 0.751235 0.00502338 0.00946045 0.774802
4 0.123327 0.581188 0.00533042 0.018035 0.774389
4 0.627854 0.459121 0.00574513 0.0177744 0.774376
4 0.29788 0.546893 0.00580921 0.0174946 0.773818
0 0.647206 0.772853 0.0129653 0.00397768 0.772666
4 0.297439 0.690184 0.00601311 0.0177069 0.771381
0 0.631236 0.772798 0.0125774 0.00384846 0.770617
0 0.255818 0.772616 0.0129561 0.00384207 0.768323
4 0.297899 0.476546 0.00589042 0.0174297 0.767699
0 0.498494 0.772784 0.01327 0.0036602 0.766937
0 0.172617 0.772773 0.0124816 0.00382919 0.765856
0 0.48209 0.77276 0.0133945 0.00369902 0.763693
1 0.5238 0.427901 0.011533 0.0140142 0.761555
0 0.206494 0.772669 0.0134363 0.00367661 0.757642
4 0.26789 0.54657 0.00568819 0.017207 0.756514
4 0.19565 0.510457 0.00605443 0.0195125 0.756149
4 0.195542 0.581176 0.00572033 0.0188082 0.755733
0 0.230276 0.455717 0.0100591 0.0107542 0.75567
4 0.123015 0.51038 0.00545032 0.0185436 0.751695
0 0.61429 0.772761 0.0133909 0.00380039 0.749611
0 0.222796 0.77279 0.013319 0.00372305 0.747989
0 0.288805 0.772767 0.0131431 0.00369062 0.740215
0 0.30546 0.77278 0.0136054 0.00381966 0.739299
0 0.239391 0.772883 0.0133573 0.00365391 0.735649
0 0.531594 0.772731 0.0124647 0.00359497 0.73388
0 0.448761 0.7727 0.0130123 0.00355024 0.733106
0 0.514982 0.772794 0.0132234 0.00378666 0.731191
3 0.253414 0.5156 0.00570979 0.00465031 0.729601
0 0.274484 0.519858 0.00963287 0.0186512 0.728062
0 0.156904 0.772922 0.0131418 0.00400124 0.728016
4 0.491371 0.427708 0.00549211 0.0175896 0.72606
3 0.495885 0.492162 0.0058095 0.00608406 0.725134
0 0.272151 0.772791 0.0125976 0.00394936 0.725049
0 0.432368 0.772789 0.0126122 0.00362949 0.722036
0 0.280591 0.457049 0.00981131 0.0117206 0.720862
4 0.195299 0.475929 0.00606008 0.0182682 0.720722
0 0.189632 0.772883 0.0137067 0.00388756 0.72038
0 0.328287 0.414935 0.0108759 0.0120547 0.714704
3 0.122393 0.527556 0.00513875 0.00611868 0.710507
4 0.104637 0.653298 0.00429649 0.0164005 0.710178
0 0.581284 0.772744 0.0116661 0.00366287 0.708569
0 0.465493 0.772883 0.0129944 0.0038559 0.707538
0 0.321904 0.772809 0.0133255 0.00390835 0.705756
0 0.54756 0.772771 0.012882 0.00370111 0.702187
0 0.6694 0.734354 0.00402336 0.0139441 0.700378
0 0.612359 0.314959 0.0136061 0.00488529 0.696171
0 0.139997 0.772822 0.0138705 0.00396519 0.690207
4 0.104651 0.616807 0.00446708 0.0160633 0.689929
0 0.628956 0.315056 0.0138809 0.00487528 0.68343
0 0.669511 0.684763 0.00401115 0.0138229 0.681426
0 0.669444 0.651757 0.00459404 0.0138924 0.678579
4 0.563206 0.494172 0.0062746 0.0188309 0.678464
0 0.415772 0.772704 0.0131762 0.00372276 0.678353
0 0.277638 0.472001 0.00368528 0.0122435 0.677885
0 0.123664 0.772477 0.0135472 0.00373783 0.674924
0 0.230014 0.521891 0.00949125 0.0125912 0.672394
0 0.669333 0.701129 0.00449886 0.0140654 0.672341
0 0.463649 0.315188 0.0133676 0.00509815 0.671095
0 0.669494 0.750537 0.00428104 0.0132058 0.670777
0 0.597385 0.772861 0.0128758 0.00371056 0.669303
0 0.107164 0.772751 0.0137735 0.00367756 0.667012
6 0.10235 0.59113 0.00855303 0.00864267 0.666548
0 0.340153 0.772935 0.0155966 0.00386562 0.655044
0 0.529528 0.315215 0.0136764 0.0049624 0.6511
0 0.669363 0.668434 0.00407143 0.014152 0.647938
0 0.596002 0.315241 0.01361 0.00472465 0.643764
3 0.104717 0.635505 0.00524571 0.00532026 0.640117
0 0.565013 0.772743 0.0129522 0.00376053 0.634688
6 0.481555 0.44681 0.00609522 0.0108269 0.628011
0 0.496702 0.315101 0.0136501 0.00523276 0.626549
4 0.563113 0.458937 0.00650749 0.0184737 0.623962
0 0.669209 0.717828 0.004105 0.013381 0.617365
6 0.213235 0.454884 0.0101289 0.00534496 0.617362
0 0.669218 0.370591 0.00422993 0.0140574 0.611478
0 0.579011 0.315155 0.0125158 0.00464821 0.61095
3 0.47685 0.74939 0.00635796 0.0058939 0.608187
0 0.669538 0.635453 0.00421257 0.0145208 0.607107
0 0.669194 0.552724 0.00428028 0.0146624 0.602644
0 0.447146 0.315314 0.0129471 0.00457687 0.600883
0 0.645447 0.314946 0.0142225 0.00492144 0.600462
0 0.328552 0.448076 0.0112726 0.0126358 0.592596
4 0.12197 0.690404 0.0173647 0.00531483 0.59137
0 0.669135 0.420626 0.00410385 0.0140491 0.589638
0 0.546421 0.315092 0.0128139 0.00518684 0.589484
0 0.669336 0.486477 0.00417576 0.0145878 0.587239
0 0.669208 0.569583 0.00398808 0.0140949 0.583215
0 0.669213 0.386935 0.00459919 0.0144168 0.581721
0 0.669315 0.354303 0.00405779 0.0141752 0.572091
0 0.513362 0.315459 0.0133787 0.00518475 0.571808
0 0.669211 0.470143 0.00396023 0.0140245 0.571217
0 0.66922 0.535911 0.00408869 0.0149514 0.568883
0 0.562953 0.315005 0.0133214 0.00516891 0.567671
0 0.66925 0.519501 0.00388508 0.0144016 0.563135
1 0.240425 0.521774 0.0109008 0.0126496 0.560596
0 0.669499 0.602239 0.00443001 0.0141634 0.554619
0 0.480408 0.31508 0.0143213 0.00522676 0.550764
0 0.248615 0.414613 0.0114343 0.0107714 0.5504
3 0.597399 0.478682 0.00618496 0.00622797 0.547636
0 0.43017 0.315193 0.0130946 0.00467148 0.546615
0 0.669482 0.586048 0.00413761 0.01462 0.542204
6 0.189151 0.750454 0.00528631 0.0099309 0.535263
0 0.669372 0.503057 0.00392113 0.0153265 0.53255
0 0.669257 0.337968 0.00467453 0.0139629 0.531923
4 0.53066 0.423165 0.00499706 0.0152975 0.525326
0 0.669331 0.453776 0.00393066 0.014077 0.524426
0 0.669105 0.40398 0.00403271 0.0150602 0.51931
0 0.669485 0.619147 0.00393219 0.01462 0.514223
0 0.669233 0.436318 0.0043747 0.0144707 0.502986
0 0.287487 0.315221 0.0138322 0.00550556 0.500546
3 0.522421 0.445368 0.00595064 0.00549841 0.49447
3 0.222112 0.42277 0.00697899 0.00551891 0.491166
6 0.24026 0.527938 0.0106474 0.00512962 0.491086
3 0.14455 0.704422 0.00488961 0.00565672 0.480538
1 0.568297 0.751275 0.0110456 0.010168 0.479946
3 0.320046 0.438372 0.00507097 0.00553303 0.479869
0 0.304327 0.315124 0.0133528 0.0050734 0.455403
0 0.320406 0.315334 0.0129098 0.00515976 0.447402
6 0.450873 0.527211 0.0115084 0.00535488 0.440947
4 0.508441 0.444467 0.0163755 0.00651579 0.427367
0 0.413268 0.315139 0.0150544 0.00523987 0.414575
3 0.567669 0.718249 0.00575409 0.0055892 0.401447
0 0.227082 0.477723 0.00380669 0.0118917 0.390185
1 0.512311 0.432585 0.0112501 0.0115199 0.379381
3 0.261415 0.427944 0.00589457 0.00631771 0.378538
4 0.400431 0.581656 0.00608692 0.0187929 0.377999
3 0.244937 0.749542 0.00653477 0.00595093 0.374478
0 0.0824399 0.519626 0.00352604 0.0141932 0.363933
0 0.315968 0.454034 0.0123186 0.00362682 0.359891
3 0.267888 0.563213 0.00584955 0.00676432 0.351202
0 0.331697 0.431285 0.00342045 0.0131801 0.350697
0 0.0824146 0.470089 0.00370116 0.0142826 0.348873
0 0.0824715 0.536007 0.00385038 0.014554 0.343314
0 0.227215 0.505828 0.00458975 0.0147156 0.341322
0 0.271009 0.315118 0.0135169 0.00514278 0.329029
0 0.0825742 0.486448 0.00401087 0.0143001 0.328332
4 0.400562 0.547093 0.00586817 0.0179316 0.327197
0 0.226696 0.492275 0.00419359 0.0119116 0.317066
0 0.0824471 0.502995 0.00361276 0.0144992 0.316689
1 0.529454 0.425311 0.0044241 0.0140081 0.316564
0 0.435641 0.523186 0.0154638 0.00885906 0.314871
0 0.171886 0.315275 0.0131375 0.00468664 0.301059
3 0.452029 0.44948 0.00570269 0.00624447 0.298369
6 0.570948 0.751671 0.00723648 0.00988808 0.282598
0 0.242294 0.450368 0.00885181 0.0073287 0.278485
0 0.0822847 0.387317 0.00456111 0.015115 0.27016
0 0.0824312 0.420536 0.00374134 0.0140497 0.266281
0 0.0823629 0.403829 0.00368361 0.014542 0.26425
0 0.435923 0.435012 0.014621 0.0121257 0.257519
3 0.320238 0.430539 0.00466414 0.00509329 0.254099
0 0.082454 0.436612 0.00417763 0.0148683 0.250872
3 0.457868 0.449554 0.00578699 0.00639954 0.250161
3 0.360612 0.749556 0.0064044 0.00599279 0.245441
0 0.0823945 0.569002 0.00362309 0.0137856 0.242581
0 0.453752 0.431465 0.0133698 0.00511217 0.235018
0 0.0824811 0.552386 0.00369157 0.0147929 0.233864
0 0.0825198 0.453302 0.0037112 0.0144661 0.233678
0 0.0824606 0.370779 0.0038955 0.0140013 0.231447
6 0.526762 0.459681 0.00946722 0.00639114 0.219625
0 0.477369 0.455036 0.00438175 0.0169847 0.216944
0 0.383805 0.773407 0.00770178 0.00418434 0.211304
0 0.254705 0.315206 0.0130231 0.00511065 0.200429
0 0.082413 0.354557 0.00378406 0.0143468 0.198252
0 0.26633 0.496792 0.0031249 0.00934811 0.188858
0 0.338756 0.315451 0.0145421 0.00529757 0.18243
0 0.0824448 0.338067 0.00422962 0.0146725 0.173413
0 0.188351 0.31516 0.0136412 0.0050323 0.172483
0 0.154729 0.31505 0.0125687 0.00439186 0.170613
3 0.276995 0.423063 0.00648169 0.00454378 0.164674
0 0.477287 0.468525 0.00384884 0.0128603 0.16298
0 0.297403 0.453994 0.0106996 0.00462685 0.159596
0 0.266214 0.50587 0.00299034 0.0106211 0.156752
0 0.477298 0.486033 0.00408287 0.0133922 0.147239
0 0.471786 0.521201 0.0154646 0.0128334 0.141785
0 0.0926193 0.77271 0.0103101 0.00362644 0.139639
0 0.430458 0.508122 0.00378532 0.0142575 0.135988
3 0.5216 0.416531 0.00474224 0.00529861 0.131153
6 0.107075 0.664149 0.00838733 0.00398388 0.122638
3 0.241357 0.462286 0.00469489 0.00657101 0.11715
0 0.0823355 0.601608 0.0042105 0.0140778 0.112218
0 0.282165 0.411105 0.011235 0.00451612 0.110745
6 0.592702 0.75116 0.00853195 0.00856333 0.108796
3 0.277638 0.50401 0.00523291 0.00583286 0.108361
0 0.477662 0.50383 0.00402393 0.0130871 0.107096
0 0.0823753 0.684589 0.00389485 0.0136364 0.105619
